
Modeling: C:\Users\jalma\OneDrive - HAN\stage_donders\features\processing_test\raw_full\split_raw_full_selection_artifact_filtered\standardized\train_standardized.npz
Dataset size: (266325, 13)
Dataset dtype: float32
d_min: [ -1.3193269   -4.282935    -0.15765882 -22.885748    -0.15765879
  -0.6093732   -0.9636189   -3.5845833   -1.5668484   -2.5309289
  -0.9839883   -9.912092    -0.6326647 ]
d_max: [ 9.3012495  9.28954   22.886189   3.1151578 22.886192  36.918526
 42.880165   2.2176678  5.957392   3.51094   13.442561   1.3155829
  5.0102444]
d_mean: [-3.36869780e-05 -8.42083100e-05  1.02540536e-04 -9.80415061e-05
  1.02532904e-04 -4.32880341e-07 -9.28172255e-07 -1.52621908e-07
 -4.77942990e-07  1.64612823e-06  2.68945257e-07  9.51765032e-05
 -5.50657678e-05]
d_std: [1.0000415  0.9998664  0.999945   0.9999494  0.9999451  0.9999763
 0.9999646  0.9999737  0.99997276 0.99997276 0.99995744 1.0001122
 1.0007701 ]
