
Modeling: C:\Users\jalma\OneDrive - HAN\stage_donders\features\relaxed\full_selection_relaxed_artifact_filtered\standardised\train_standardized.npz
Dataset size: (266518, 13)
Dataset dtype: float32
d_min: [-1.4642856 -1.5124968 -1.5364158 -3.3787909 -1.5364099 -0.9418379
 -1.5249221 -2.248559  -1.5382851 -1.8357896 -0.9583441 -1.3899006
 -0.705147 ]
d_max: [1.1035376 1.0958508 2.1142251 1.4679923 2.1141376 2.7373636 1.9828737
 1.3810436 1.8987262 1.6059196 3.137185  1.2858502 2.4334886]
d_mean: [ 1.9871450e-07  1.8689055e-07  8.0578246e-08 -1.0653808e-06
 -3.1102354e-07  1.4052350e-07  5.5635390e-08 -1.9133297e-07
 -1.4978788e-07  1.5313759e-07 -1.1262616e-08 -3.4542774e-07
  6.8922873e-07]
d_std: [0.99979013 0.9997608  0.99994934 1.000471   0.999973   1.0000839
 1.0000681  1.000003   0.9999342  0.9999989  1.0000447  1.0002084
 1.0005397 ]
