
Modeling: C:\Users\jalma\OneDrive - HAN\stage_donders\features\final_selection_relaxed\sleep_features_full_selection_relaxed_train_stripped.npz
Dataset size: (289207, 13)
Dataset dtype: float32
d_min: [9.999995e-07 9.999995e-07 9.999995e-07 9.999995e-07 9.999995e-07
 9.999995e-07 9.999995e-07 9.999995e-07 9.999995e-07 9.999995e-07
 9.999995e-07 9.999995e-07 9.999995e-07]
d_max: [0.6931472 0.6931472 0.6931472 0.6931472 0.6931472 0.6931472 0.6931472
 0.6931472 0.6931472 0.6931472 0.6931472 0.6931472 0.6931472]
d_mean: [0.40740785 0.41095474 0.2961678  0.4799477  0.2961655  0.196752
 0.30131987 0.4170447  0.3101325  0.363176   0.19160266 0.3454701
 0.18376027]
d_std: [0.26987904 0.26522353 0.19030288 0.14573777 0.19030687 0.20481235
 0.20084159 0.19627376 0.2036055  0.20440708 0.20057777 0.2622699
 0.24187315]
