
Modeling: C:\Users\jalma\OneDrive - HAN\stage_donders\features\processing_test\raw_full\split_raw_full_selection\standardized\train_standardized.npz
Dataset size: (288973, 13)
Dataset dtype: float32
d_min: [ -1.2210711   -3.8692384   -3.4420867  -30.341892    -6.2041817
  -0.35959846  -0.2710623   -3.4141126   -1.5510216   -2.4826682
  -0.9122391  -12.435409    -4.9305434 ]
d_max: [  8.55921     8.669691   30.270334   21.463129   30.382906  178.66939
 250.40862     2.2129169   5.879357    3.5031657  28.07292     1.2013233
   4.8639226]
d_mean: [-1.01264224e-04  3.04252517e-05 -5.78424333e-05 -1.22373123e-04
  4.26160041e-05  4.56272033e-07  6.62807835e-08  2.85056445e-09
  1.45188415e-06  1.25081513e-07  5.94214441e-07  1.24398255e-04
 -7.65587629e-06]
d_std: [1.0000352  0.9999168  1.0006279  1.0006918  1.0005696  0.9999751
 0.99996805 0.999967   0.9999695  0.9999669  0.99998784 1.0000038
 1.0004517 ]
