
Modeling: C:\Users\jalma\OneDrive - HAN\stage_donders\features\relaxed\full_selection_relaxed_artifact_filtered\sleep_features_full_selection_relaxed_artifact_filtered_train_stripped.npz
Dataset size: (266518, 13)
Dataset dtype: float32
d_min: [9.999995e-07 9.999995e-07 9.999995e-07 9.999995e-07 9.999995e-07
 9.999995e-07 9.999995e-07 9.999995e-07 9.999995e-07 9.999995e-07
 9.999995e-07 9.999995e-07 9.999995e-07]
d_max: [0.6931472 0.6931472 0.6931472 0.6931472 0.6931472 0.6931472 0.6931472
 0.6931472 0.6931472 0.6931472 0.6931472 0.6931472 0.6931472]
d_mean: [0.3952695  0.4019448  0.2921166  0.48385113 0.2921226  0.17742571
 0.30132028 0.42943555 0.31021985 0.36973256 0.16219033 0.36008057
 0.15572414]
d_std: [0.26993075 0.26570323 0.18975367 0.14308003 0.18975858 0.18837515
 0.19758442 0.19095619 0.20166458 0.20138067 0.16924313 0.25911257
 0.22097836]
