
Modeling: C:\Users\jalma\OneDrive - HAN\stage_donders\features\final_selection\sleep_features_final_selection_train_stripped_processed.npz
Dataset size: (289207, 13)
Dataset dtype: float32
d_min: [-1.7010579 -1.9865506 -2.0386417 -2.3598857 -2.038429  -0.9891087
 -1.4838396 -1.8653529 -1.2113093 -1.4822232 -0.7335433 -1.9349309
 -2.0019705]
d_max: [1.8223097 1.9733157 2.60097   2.569196  2.6455138 3.794899  3.3080094
 1.6277286 2.2676075 1.8741117 2.8635943 2.0226586 2.1435862]
d_mean: [-2.1194998e-08  2.0462117e-08 -2.0100417e-08  5.7948246e-09
  7.0319981e-09 -2.4115803e-08 -3.5640323e-08 -2.0311749e-07
  4.2141895e-07  4.2410812e-07  5.4587281e-07 -6.1293197e-09
 -1.6428803e-08]
d_std: [0.99996847 0.9999701  0.9999653  0.9999578  0.99996656 1.0000421
 0.99998057 1.0000558  1.0000391  1.0000422  0.9995893  0.9999721
 0.9999764 ]
