
Modeling: C:\Users\jalma\OneDrive - HAN\stage_donders\features\15s_processing_test\raw_full\full_artifact_filtered_split\standardized\train_standardized.npz
Dataset size: (173959, 13)
Dataset dtype: float32
d_min: [ -1.3209302   -9.446125    -4.4694123   -0.20657803 -13.716224
  -0.206578    -0.62758934  -1.0148894   -3.5289989   -1.5584006
  -2.5332727   -1.007794    -0.6328677 ]
d_max: [ 9.290646   3.3932462  9.217017  13.716486   2.9375129 13.716486
 18.871042  30.340881   2.175013   6.0963054  3.1085935 12.647224
  5.1730456]
d_mean: [ 5.0330094e-05  2.3511420e-07  2.0797892e-05 -8.8586479e-05
  1.0771611e-04 -8.8613320e-05 -2.2844135e-07  6.1071472e-09
  1.5864451e-06  7.0741913e-07  4.8354639e-07  2.7622676e-07
  2.2975461e-05]
d_std: [0.9999893  0.9999946  1.00002    0.999612   0.9996223  0.999612
 0.99999154 0.99998355 0.9999746  0.9999802  0.9999838  0.999975
 1.0003791 ]
